donnee <-
structure(list(log.prec.y.true = 1.98271680416028, mean.x.init = 0, 
    prec.x = 0.1, prec.x.init = 0.2, prec.y.true = 7.26244685309059, 
    t.max = 20, x.true = c(1.12828409667674, 12.0231803041436, 
    -1.40296495270972, -19.8209595579065, -12.3879485493184, 
    1.57002915470523, 20.4415076101093, 6.97197848678642, -5.83858176825222, 
    -9.55464722920082, 7.15094001953173, 13.9275286724769, 7.59174531997731, 
    -3.44119858253496, -14.6235857359139, -4.66656201662324, 
    0.241209411690077, 5.55284035312046, -0.352605435805405, 
    -15.3118405667418), y = c(-0.330645668032366, 7.69282537460276, 
    0.391487466488855, 19.3620874388392, 7.33876796669281, 0.135829916278002, 
    20.7774665285981, 2.2062973028019, 1.70897791933929, 4.22634917856591, 
    2.42892038574975, 9.64528281059098, 2.84711690814846, 0.552749592663529, 
    11.2233751170873, 0.795783437443764, -0.47980012505148, 0.961529264112752, 
    -0.579085931344406, 12.1968275086906)), .Names = c("log.prec.y.true", 
"mean.x.init", "prec.x", "prec.x.init", "prec.y.true", "t.max", 
"x.true", "y"))
